1,0.31390865647801985
2,0.3157439305234835
3,0.3155296214619785
4,0.3164583092706875
5,0.3077007846168926
6,0.3102255784581374
7,0.30946341031612407
8,0.3145363857382503
9,0.3092926416687927
10,0.30742515746403665
11,0.3108977488886261
12,0.3107511100710854
13,0.30599673513076325
14,0.32457910756962466
15,0.30467923471048447
16,0.30026009232348316
17,0.306167139793976
18,0.2973523318024005
19,0.3019499552808357
20,0.29018381789987535
21,0.2929217237241292
22,0.2967761151111673
23,0.2953627114776742
24,0.28239847511022986
25,0.28962392671145015
26,0.2850053989166725
27,0.2866958442706134
28,0.29208065211080797
29,0.2892105135989137
30,0.29767149187847985
31,0.30424854252198935
32,0.31912017672711857
33,0.33363534860079175
34,0.3401239161090341
35,0.3575246485969359
36,0.36713435417444024
37,0.3778416730725693
38,0.3910072173320787
39,0.4030749149406886
40,0.4111483428268966
41,0.4123550333703196
42,0.4204410448589794
43,0.42212906004512346
44,0.4288231739683386
45,0.4399038419446909
46,0.45919322679841895
47,0.4672289169733143
48,0.49869111224944856
49,0.5182662132733907
50,0.5438553412112466
51,0.5625973193434647
52,0.577383648599688
53,0.5777578218872306
54,0.5861316867755273
55,0.5899296375926375
56,0.5754129098589565
57,0.5729154211088571
58,0.5730464412632961
59,0.5638915968058961
60,0.5546721335418286
61,0.545830137180357
62,0.5316731506757466
63,0.5321661398650367
64,0.5301919105199736
65,0.5226204316734022
66,0.5328811679566342
67,0.5345376888044574
68,0.5311365286872498
69,0.5444679420481399
70,0.5414832397589935
71,0.5462490041186859
72,0.5488757455603988
73,0.5554154146451734
74,0.5605357896725507
75,0.5630220798428053
76,0.5570986285662337
77,0.5734208980308644
78,0.5666223048161403
79,0.5668997357743166
80,0.5706341502697959
81,0.5568602546940337
82,0.5612013714205325
83,0.560581618239152
84,0.5545807319291586
85,0.5588237582345027
86,0.551307453915603
87,0.5537641926877669
88,0.5464841535893633
89,0.5464909976451598
90,0.5561973814776117
91,0.5489121776578908
92,0.5585262284450921
93,0.5541907490490601
94,0.5616677803609581
95,0.5629663123999937
96,0.5620980150931874
97,0.5604177984299512
98,0.5630915498271892
99,0.5610555806106718
100,0.5682525009925943
101,0.5617100944435784
102,0.5601995102951405
103,0.564516374152873
104,0.5565235751043361
105,0.5537529177621132
106,0.5559125187253573
107,0.546844209076682
108,0.554913031706176
109,0.5522647385691971
110,0.5496796216720026
111,0.5510919384538572
112,0.5542713269615831
113,0.5400013143028937
114,0.5425232081568999
115,0.5425822851736969
116,0.5429081231169857
117,0.5398567264393984
118,0.5474175350582818
119,0.5430977482867214
120,0.5373332164072488
121,0.5316876123701089
122,0.534174582615647
123,0.5385949691966716
124,0.5480980684021208
125,0.5262157951438299
126,0.5385008387581218
127,0.5131936693881108
128,0.5169841020655848
129,0.5284384209406592
130,0.5396775316865108
131,0.5389086462306598
132,0.5357939825494695
133,0.5151342599819135
134,0.5056057445127353
135,0.5164338905220339
136,0.5411651074303119
137,0.550990666827931
138,0.5230056062675051
139,0.5070151892235815
140,0.5039891315283647
141,0.5090437121873078
142,0.5289964562353265
143,0.5304887590862277
144,0.5174452413161188
145,0.49435379496453025
146,0.47917719670487435
147,0.4904750066226286
148,0.5117660384131797
149,0.5095740356543238
150,0.500334746838902
151,0.49235628655058705
152,0.48388827388140143
153,0.47511694497514145
154,0.47456833775814616
155,0.4866037162420132
156,0.4993769518894058
157,0.5057634240545414
158,0.49185378250640704
159,0.47848766011636756
160,0.48969669416179173
161,0.4955021191406357
162,0.5038723897277252
163,0.5161366092025742
164,0.5096278388061503
165,0.4939617994399506
166,0.48655673862150445
167,0.49532148371109586
168,0.49810018815069773
169,0.5071249488809855
170,0.5059715647359695
171,0.497074089710446
172,0.4930824589963589
173,0.49649533215428915
174,0.4907554957091341
175,0.4896541672726278
176,0.49020957124129294
177,0.4907701156213035
178,0.5009840877332138
179,0.4949780330696624
180,0.49361565186590867
181,0.49398882799797544
182,0.496487303694424
183,0.4883831070519256
184,0.49931134542746425
185,0.4959862509973418
186,0.5019535702952032
187,0.49914288071155377
188,0.5134600648663783
189,0.5082867974987954
190,0.5000035464637868
191,0.4963165143500007
192,0.48236258138530236
193,0.4927288590148625
194,0.5003136306835696
195,0.5038903108190269
196,0.5034803616388321
197,0.48823765369339517
198,0.4886482385519122
199,0.48102199677235186
200,0.49010861064046074
201,0.4950023420114696
202,0.49521918816786903
203,0.5077093166278661
204,0.49469913989486397
205,0.4867414074273065
206,0.4827684709540563
207,0.4904588132388233
208,0.496466984357976
209,0.5160972571073368
210,0.5116098302572308
211,0.5032377614249571
212,0.49114742588932525
213,0.4836844012659888
214,0.4834254864147489
215,0.48614559808135105
216,0.5045769242599697
217,0.5017631854181328
218,0.4931111524544979
219,0.4850013897325327
220,0.4897633147325912
221,0.4853754018535812
222,0.49177015866771534
223,0.5035661836252446
224,0.5079152516800925
225,0.4783491662552989
226,0.4708335347583081
227,0.4746644572880087
228,0.4871493686388465
229,0.5128126028410664
230,0.506906258293045
231,0.5073061546068897
232,0.48764804218379926
233,0.4713995597296331
234,0.4728877233759381
235,0.4858217628986755
236,0.4997397579996567
237,0.5051179850958982
238,0.501817707245226
239,0.48763207578280254
240,0.4760258889731274
241,0.47302924957326187
242,0.4864090082401015
243,0.5026698357830439
244,0.4945092767350588
245,0.4876844344570126
246,0.477527860108331
247,0.4764062750476344
248,0.4726857105247987
249,0.4916636691837211
250,0.5041704594125298
251,0.4960861956404169
252,0.4953235143646247
253,0.4795584700817911
254,0.48927332992463596
255,0.4851033671823502
256,0.4967628832347773
257,0.4833006018073473
258,0.48082453262940283
259,0.47601782831595857
260,0.4724031196152884
261,0.48804112442754216
262,0.4806406287441351
263,0.4804854041213788
264,0.4670896051220022
265,0.4726626182946826
266,0.47259506901518683
267,0.4685613570507856
268,0.47886058284711625
269,0.4922454890649417
270,0.4892496043599848
271,0.4665790991567457
272,0.46151532308489385
273,0.473490978909311
274,0.4857379135477589
275,0.4934880769114455
276,0.4832488011425716
277,0.47090934256636136
278,0.4622408172877502
279,0.4633230451029377
280,0.4832617980811427
281,0.4926984042671986
282,0.4716389166545275
283,0.45908309199590613
284,0.4596308923197859
285,0.4739190092296647
286,0.4847915765423179
287,0.48315058047044496
288,0.4679230389057814
289,0.456796977325475
290,0.4564512599285002
291,0.4727021344824855
292,0.48575085922495054
293,0.4701767506920423
294,0.4620899567188138
295,0.4534139369676074
296,0.4600343422924091
297,0.45960194048849534
298,0.4638405400703345
299,0.476209181215272
300,0.47486694630749365
301,0.4422833834103231
302,0.43533679360367367
303,0.4540011387193154
304,0.46794792536538443
305,0.468335095206552
306,0.45294675938787893
307,0.43582838737034874
308,0.4517101528229723
309,0.4623131832217286
310,0.4584864898748307
311,0.44385054349222497
312,0.4333893577721369
313,0.4490563638171003
314,0.4498186004116871
315,0.4499553115165819
316,0.4367429279602051
317,0.42723686862250343
318,0.4345029971674541
319,0.4592262604661616
320,0.46362622879165805
321,0.4505931891695735
322,0.4297185886580549
323,0.43340158070287893
324,0.45407860810704487
325,0.47101112830527037
326,0.47060792205544716
327,0.4570846200413127
328,0.46506488572944055
329,0.47851557828941893
330,0.5106144119808502
331,0.5017535633042359
332,0.47350934179127957
333,0.49954180286609356
334,0.5578143678094276
335,0.537894102264002
336,0.516194722400469
337,0.5247462408686275
338,0.6030931691679333
339,0.5677013717597836
340,0.5454083803808796
341,0.623931901931296
342,0.5607437426081465
343,0.5821075133469379
344,0.6117180503948396
345,0.5834924929200479
346,0.590252740802727
347,0.6418009873372796
348,0.5548793836928776
349,0.6668796695735226
350,0.5628204757320167
351,0.6289573553894197
352,0.643449418715759
353,0.5795813594412449
354,0.5673239278521724
355,0.6186575945817272
356,0.6290889735177678
357,0.5030531352116168
358,0.6494371453105188
359,0.6276972030334851
360,0.5150460258305379
361,0.581669765585302
362,0.6447461319119941
363,0.5809470197155151
364,0.5391607056877323
365,0.6209611571230105
366,0.6123226960133354
367,0.539467673136603
368,0.5587831989555362
369,0.628695624485872
370,0.5810674072924991
371,0.53279067075877
372,0.5841281165364949
373,0.6360940267271312
374,0.5971851861051549
375,0.5331320802636585
376,0.6077365366873624
377,0.6410711409700586
378,0.5502780211617855
379,0.5448232308525979
380,0.6461681041808132
381,0.6123835073356291
382,0.5433883417938614
383,0.5716594831925458
384,0.6508528982519505
385,0.6062134869385039
386,0.5406003935401436
387,0.5807866351740295
388,0.6290488466466766
389,0.6044401229597952
390,0.5485146329713497
391,0.5703887104691456
392,0.6251853667984294
393,0.5888692118798122
394,0.5399154052435063
395,0.6023706729477818
396,0.6083115566179327
397,0.5794495024612217
398,0.571760012838794
399,0.5909093868481622
400,0.5970241719724614
401,0.5633396927862088
402,0.5790008663227011
403,0.6093482231712714
404,0.6068057157997895
405,0.5473706587771523
406,0.5989433093190802
407,0.6191062797382557
408,0.5814254219156324
409,0.5604367563364628
410,0.6083211834447577
411,0.6122762378368128
412,0.569422249115925
413,0.5850940482842711
414,0.5941742084349114
415,0.5727748753188099
416,0.5762467933697963
417,0.594298235110776
418,0.5986871492452736
419,0.5801783003188138
420,0.5621265920370917
421,0.5941651047699005
422,0.6238005334034847
423,0.5654399653474088
424,0.5584155245205068
425,0.6198504978329019
426,0.5919223060756379
427,0.5525627274095861
428,0.5980792574397029
429,0.6172017445912307
430,0.5662952708995822
431,0.5532240568784674
432,0.6108790933149097
433,0.6078486277377834
434,0.5543679942448521
435,0.591342336005363
436,0.6136947015684964
437,0.5706102821816916
438,0.5696837996688587
439,0.6056727404128045
440,0.6006599690779791
441,0.5646786618662587
442,0.5754562330166442
443,0.5998587322823379
444,0.5881246310160956
445,0.5527504692834788
446,0.5905923450868459
447,0.6043822846471684
448,0.5787854159911542
449,0.5719377795921045
450,0.6007128821711848
451,0.5912348278349083
452,0.5737749837285233
453,0.5841169174993519
454,0.6068568407478868
455,0.5617469409134422
456,0.5695338747568439
457,0.6030518314470713
458,0.5842157626324345
459,0.5498752311589856
460,0.6033965058035573
461,0.6052318724903917
462,0.5498511394709892
463,0.5668687707796376
464,0.6229116837250128
465,0.587107164857198
466,0.5354599473829132
467,0.6033875659766599
468,0.6163288855986194
469,0.5526351030794272
470,0.5584803379409095
471,0.6344657776623966
472,0.5868205727556102
473,0.5319691726834377
474,0.5762534649511002
475,0.6348841629854209
476,0.5781434288180635
477,0.5237701839117631
478,0.5951727835836629
479,0.6251044424529236
480,0.5504946402601523
481,0.5521317556726629
482,0.6304248695276887
483,0.6017903726170262
484,0.5483509582317068
485,0.5715069999049206
486,0.6083211344536583
487,0.5919364286245278
488,0.5597598036298971
489,0.580540739090421
490,0.603188336461224
491,0.5856710209468422
492,0.5707674954958157
493,0.5903037595329008
494,0.5996529628554824
495,0.5640296535491542
496,0.5568094098031816
497,0.5931128295437659
498,0.6063596508322261
499,0.5738875024040627
500,0.5619455890211206
