1,15.951369285583496
2,17.70854949951172
3,15.99291706085205
4,16.555526733398438
5,17.706974029541016
6,16.961523056030273
7,16.58303451538086
8,16.633018493652344
9,15.852365493774414
10,16.801557540893555
11,15.983134269714355
12,16.771774291992188
13,16.2657527923584
14,16.076082229614258
15,16.365833282470703
16,16.335390090942383
17,16.4408016204834
18,15.112431526184082
19,16.69415283203125
20,15.383989334106445
21,14.760111808776855
22,15.592668533325195
23,14.507054328918457
24,15.800285339355469
25,15.887442588806152
26,16.351770401000977
27,14.824199676513672
28,15.387507438659668
29,14.987905502319336
30,16.52734375
31,15.478854179382324
32,15.116752624511719
33,14.654980659484863
34,15.075453758239746
35,14.91405963897705
36,15.201019287109375
37,14.276631355285645
38,14.781609535217285
39,14.71220874786377
40,13.558557510375977
41,14.936117172241211
42,14.928911209106445
43,14.00798511505127
44,14.488044738769531
45,13.476554870605469
46,14.330941200256348
47,15.343084335327148
48,15.589329719543457
49,12.774189949035645
50,14.138465881347656
51,13.479339599609375
52,13.502927780151367
53,12.766072273254395
54,13.51222038269043
55,13.367060661315918
56,14.550893783569336
57,14.484430313110352
58,13.766433715820312
59,13.045077323913574
60,12.912726402282715
61,15.154699325561523
62,12.82986068725586
63,13.15163803100586
64,13.11557388305664
65,12.779683113098145
66,12.789976119995117
67,13.50257396697998
68,13.637651443481445
69,12.546603202819824
70,12.878350257873535
71,13.123611450195312
72,12.52550983428955
73,13.532635688781738
74,12.591755867004395
75,12.826006889343262
76,12.383634567260742
77,12.265396118164062
78,13.22142219543457
79,13.654511451721191
80,12.782323837280273
81,12.568490982055664
82,12.297706604003906
83,12.086466789245605
84,12.864047050476074
85,12.688397407531738
86,12.903533935546875
87,12.736141204833984
88,11.55561351776123
89,11.653908729553223
90,12.28381633758545
91,13.029041290283203
92,12.39453411102295
93,12.294325828552246
94,12.757611274719238
95,11.028566360473633
96,11.48442268371582
97,13.306840896606445
98,11.082852363586426
99,12.789532661437988
100,12.628353118896484
101,12.4027099609375
102,12.563414573669434
103,12.609780311584473
104,12.305150032043457
105,11.194113731384277
106,11.725065231323242
107,11.700921058654785
108,11.727766036987305
109,12.84217357635498
110,12.27865219116211
111,11.128752708435059
112,12.54228401184082
113,12.087425231933594
114,12.494034767150879
115,11.794495582580566
116,11.90120792388916
117,11.880345344543457
118,11.662714958190918
119,11.770583152770996
120,12.880659103393555
121,11.637561798095703
122,11.337596893310547
123,12.005966186523438
124,12.71325969696045
125,10.903385162353516
126,13.327372550964355
127,11.672762870788574
128,11.931045532226562
129,11.687676429748535
130,11.21716594696045
131,12.454381942749023
132,12.57712173461914
133,11.158434867858887
134,12.936685562133789
135,10.900349617004395
136,12.867898941040039
137,11.641530990600586
138,11.48555850982666
139,11.998796463012695
140,12.521332740783691
141,12.110259056091309
142,11.211100578308105
143,12.21402645111084
144,11.654650688171387
145,11.419045448303223
146,11.245950698852539
147,12.13000774383545
148,12.271580696105957
149,11.338988304138184
150,12.177515029907227
151,11.12981128692627
152,11.795461654663086
153,11.074762344360352
154,12.558868408203125
155,12.595047950744629
156,11.963356018066406
157,11.755553245544434
158,11.613883018493652
159,11.030168533325195
160,11.520608901977539
161,10.519912719726562
162,12.54492473602295
163,11.315316200256348
164,11.932673454284668
165,11.67868709564209
166,11.570642471313477
167,12.408467292785645
168,10.98941421508789
169,11.928279876708984
170,12.500036239624023
171,13.00627613067627
172,10.476222038269043
173,12.330666542053223
174,11.11955451965332
175,12.29544448852539
176,12.757966995239258
177,11.709595680236816
178,12.450252532958984
179,11.35959243774414
180,10.971380233764648
181,11.369366645812988
182,10.960624694824219
183,11.818155288696289
184,11.005903244018555
185,11.90896987915039
186,11.81472396850586
187,13.63317584991455
188,12.120869636535645
189,11.674371719360352
190,11.732187271118164
191,12.1305570602417
192,12.438628196716309
193,11.472156524658203
194,11.783740997314453
195,11.592808723449707
196,11.836151123046875
197,11.727105140686035
198,11.390276908874512
199,11.958301544189453
200,11.398452758789062
201,11.067359924316406
202,12.603902816772461
203,12.854485511779785
204,10.868589401245117
205,12.309654235839844
206,12.394438743591309
207,11.36264419555664
208,10.844367980957031
209,11.7200288772583
210,11.882396697998047
211,11.520451545715332
212,11.122923851013184
213,10.469247817993164
214,11.33815860748291
215,12.015838623046875
216,12.532241821289062
217,12.200579643249512
218,10.740019798278809
219,12.406450271606445
220,11.007157325744629
221,12.042402267456055
222,12.239749908447266
223,11.273968696594238
224,11.189217567443848
225,10.74386215209961
226,12.403975486755371
227,11.071192741394043
228,11.126914024353027
229,12.069857597351074
230,11.411293983459473
231,11.21045970916748
232,11.535650253295898
233,11.315281867980957
234,11.962871551513672
235,12.133132934570312
236,11.24417781829834
237,10.90305233001709
238,12.279170036315918
239,11.930581092834473
240,12.050509452819824
241,11.781819343566895
242,10.546822547912598
243,11.746665000915527
244,11.414973258972168
245,11.387510299682617
246,11.440388679504395
247,11.10532283782959
248,11.510438919067383
249,12.40692138671875
250,11.730518341064453
251,11.503064155578613
252,11.369367599487305
253,11.803302764892578
254,10.778703689575195
255,12.445889472961426
256,12.754280090332031
257,12.174768447875977
258,10.755782127380371
259,10.87423038482666
260,11.099029541015625
261,10.775904655456543
262,12.06082820892334
263,11.538618087768555
264,11.603748321533203
265,10.622406959533691
266,10.944708824157715
267,11.455928802490234
268,10.84943962097168
269,11.950553894042969
270,11.239380836486816
271,11.53433895111084
272,12.613635063171387
273,11.568929672241211
274,11.926196098327637
275,12.362321853637695
276,10.593671798706055
277,11.590712547302246
278,10.977006912231445
279,12.188745498657227
280,12.295007705688477
281,11.766515731811523
282,12.540390014648438
283,12.171435356140137
284,10.247441291809082
285,11.650398254394531
286,11.658387184143066
287,10.165607452392578
288,11.399696350097656
289,11.361687660217285
290,11.878539085388184
291,11.043521881103516
292,12.09693717956543
293,11.517592430114746
294,11.688087463378906
295,12.176846504211426
296,9.762626647949219
297,10.149931907653809
298,11.781542778015137
299,11.87999153137207
300,11.320243835449219
301,12.569616317749023
302,11.355216026306152
303,11.719728469848633
304,12.328507423400879
305,12.630228996276855
306,11.439478874206543
307,11.53270149230957
308,11.940185546875
309,10.768633842468262
310,11.240004539489746
311,11.067767143249512
312,12.189337730407715
313,10.093414306640625
314,11.337167739868164
315,11.775404930114746
316,11.321452140808105
317,11.391642570495605
318,10.396775245666504
319,11.181554794311523
320,10.741347312927246
321,11.001520156860352
322,11.772010803222656
323,10.534032821655273
324,10.689021110534668
325,10.688295364379883
326,11.968948364257812
327,11.928391456604004
328,11.505675315856934
329,12.067827224731445
330,11.8064603805542
331,10.81401538848877
332,11.28317928314209
333,11.3997163772583
334,11.890227317810059
335,11.342472076416016
336,11.386041641235352
337,11.845291137695312
338,10.34019947052002
339,11.521320343017578
340,10.950531959533691
341,11.360387802124023
342,11.138752937316895
343,12.064618110656738
344,11.542495727539062
345,11.816178321838379
346,11.613932609558105
347,11.957598686218262
348,11.601017951965332
349,11.25345516204834
350,11.087774276733398
351,11.079997062683105
352,11.709840774536133
353,10.700268745422363
354,11.737382888793945
355,11.837555885314941
356,12.334023475646973
357,10.434478759765625
358,11.42289924621582
359,11.580357551574707
360,12.424423217773438
361,11.102813720703125
362,11.683305740356445
363,12.250682830810547
364,12.248595237731934
365,12.109867095947266
366,11.022332191467285
367,12.302985191345215
368,10.853755950927734
369,12.11551570892334
370,12.216287612915039
371,12.214635848999023
372,11.910890579223633
373,12.07165813446045
374,11.009787559509277
375,11.881258964538574
376,11.316479682922363
377,11.721929550170898
378,11.554705619812012
379,11.02824878692627
380,11.41374683380127
381,12.053304672241211
382,11.011622428894043
383,11.43386459350586
384,11.656503677368164
385,10.842547416687012
386,11.690652847290039
387,10.581332206726074
388,11.041193008422852
389,10.951335906982422
390,11.73235034942627
391,12.12927532196045
392,11.526493072509766
393,11.826800346374512
394,11.557676315307617
395,11.410086631774902
396,10.772980690002441
397,12.31897258758545
398,10.569580078125
399,10.884439468383789
400,11.633299827575684
401,11.964877128601074
402,12.145289421081543
403,11.86229133605957
404,11.320258140563965
405,11.566271781921387
406,12.076362609863281
407,11.808256149291992
408,11.270049095153809
409,11.622347831726074
410,10.950504302978516
411,12.182745933532715
412,11.255504608154297
413,11.278030395507812
414,11.317151069641113
415,11.254714965820312
416,11.528103828430176
417,11.680941581726074
418,12.007281303405762
419,10.490826606750488
420,11.432249069213867
421,11.016141891479492
422,10.905935287475586
423,11.532461166381836
424,11.500935554504395
425,10.769722938537598
426,9.827476501464844
427,12.077742576599121
428,11.393604278564453
429,11.452467918395996
430,12.654129028320312
431,10.918099403381348
432,11.508443832397461
433,11.922198295593262
434,10.824285507202148
435,11.38332748413086
436,11.6221284866333
437,11.690482139587402
438,11.347870826721191
439,11.795515060424805
440,11.800077438354492
441,12.409341812133789
442,10.750503540039062
443,12.075427055358887
444,11.522222518920898
445,11.181089401245117
446,10.568619728088379
447,11.377632141113281
448,10.455050468444824
449,11.560041427612305
450,11.586555480957031
451,11.79089069366455
452,10.977995872497559
453,11.123859405517578
454,10.969988822937012
455,11.459731101989746
456,11.092283248901367
457,11.93994140625
458,11.188760757446289
459,11.74868106842041
460,12.602306365966797
461,12.14965534210205
462,11.353967666625977
463,11.828559875488281
464,12.207158088684082
465,10.985245704650879
466,11.657001495361328
467,12.610472679138184
468,11.195271492004395
469,11.057013511657715
470,10.867504119873047
471,11.955778121948242
472,11.675211906433105
473,12.124412536621094
474,10.894305229187012
475,11.981061935424805
476,11.044690132141113
477,11.724544525146484
478,12.107064247131348
479,10.543317794799805
480,11.046727180480957
481,12.103062629699707
482,11.498738288879395
483,11.957223892211914
484,12.322745323181152
485,10.560822486877441
486,11.775643348693848
487,10.747193336486816
488,10.787028312683105
489,11.906652450561523
490,12.01517391204834
491,11.382549285888672
492,11.05832290649414
493,11.395464897155762
494,11.72916030883789
495,12.061593055725098
496,12.019105911254883
497,11.602526664733887
498,11.37210464477539
499,11.484804153442383
500,11.443965911865234
501,11.080315589904785
502,12.953985214233398
503,11.667826652526855
504,11.740272521972656
505,11.646051406860352
506,11.787895202636719
507,11.154189109802246
508,10.87278938293457
509,11.749785423278809
510,10.45065975189209
511,11.302560806274414
512,11.30008602142334
513,11.866023063659668
514,10.507834434509277
515,11.697847366333008
516,10.827934265136719
517,12.369467735290527
518,12.304267883300781
519,10.745555877685547
520,11.305158615112305
521,11.101338386535645
522,11.651997566223145
523,12.283613204956055
524,11.886041641235352
525,11.461901664733887
526,11.556893348693848
527,11.090238571166992
528,11.578314781188965
529,11.05271053314209
530,11.262370109558105
531,10.989852905273438
532,10.980430603027344
533,10.666014671325684
534,11.775801658630371
535,10.835090637207031
536,11.151987075805664
537,11.912784576416016
538,10.947174072265625
539,12.050276756286621
540,12.278223037719727
541,11.508443832397461
542,10.369235038757324
543,12.197301864624023
544,11.963759422302246
545,11.185346603393555
546,11.778759002685547
547,11.568492889404297
548,11.03439712524414
549,11.062646865844727
550,10.586006164550781
551,11.275468826293945
552,11.305953979492188
553,11.522891998291016
554,11.523648262023926
555,12.332123756408691
556,11.771605491638184
557,10.38090705871582
558,11.993913650512695
559,11.7662353515625
560,11.280930519104004
561,10.945545196533203
562,11.552874565124512
563,11.087722778320312
564,11.7976655960083
565,11.709529876708984
566,12.015182495117188
567,12.244848251342773
568,12.066643714904785
569,10.979065895080566
570,11.546454429626465
571,11.44597339630127
572,11.943951606750488
573,11.116720199584961
574,11.600037574768066
575,12.493094444274902
576,11.09986686706543
577,12.090963363647461
578,11.959732055664062
579,11.610424041748047
580,11.618398666381836
581,11.105687141418457
582,11.776159286499023
583,10.905599594116211
584,10.95625114440918
585,11.3577241897583
586,12.345516204833984
587,11.578780174255371
588,11.092682838439941
589,12.004034042358398
590,11.10675048828125
591,11.858057022094727
592,11.902074813842773
593,11.182121276855469
594,11.716951370239258
595,10.584880828857422
596,11.819796562194824
597,12.232877731323242
598,10.576952934265137
599,11.727940559387207
600,11.276493072509766
601,11.009794235229492
602,11.936978340148926
603,11.41651725769043
604,12.395918846130371
605,10.881789207458496
606,12.296587944030762
607,11.917634010314941
608,10.52475357055664
609,11.339591026306152
610,11.907286643981934
611,11.980340957641602
612,11.201196670532227
613,10.787552833557129
614,10.918668746948242
615,11.698384284973145
616,12.79160213470459
617,11.725295066833496
618,11.703252792358398
619,10.97304916381836
620,11.115216255187988
621,10.61801528930664
622,11.353592872619629
623,11.392789840698242
624,11.490378379821777
625,10.504056930541992
626,11.061722755432129
627,12.368931770324707
628,11.027678489685059
629,12.086840629577637
630,11.645671844482422
631,11.726316452026367
632,10.905316352844238
633,11.385960578918457
634,11.569408416748047
635,11.176376342773438
636,11.055960655212402
637,11.09189224243164
638,11.598555564880371
639,10.75710391998291
640,11.796977043151855
641,11.10224723815918
642,11.494146347045898
643,12.155502319335938
644,11.394292831420898
645,10.99674129486084
646,11.385915756225586
647,10.424978256225586
648,11.477336883544922
649,11.640443801879883
650,11.393975257873535
651,11.30759048461914
652,11.799749374389648
653,11.24952220916748
654,12.752822875976562
655,11.555155754089355
656,11.884265899658203
657,11.580297470092773
658,10.07750129699707
659,11.267698287963867
660,10.428595542907715
661,11.56958293914795
662,11.849679946899414
663,11.328773498535156
664,10.53139877319336
665,11.26835823059082
666,11.818163871765137
667,10.863443374633789
668,11.431856155395508
669,10.924519538879395
670,10.959415435791016
671,12.849980354309082
672,11.323888778686523
673,11.316131591796875
674,11.53227710723877
675,10.929658889770508
676,11.24992561340332
677,11.111064910888672
678,12.548267364501953
679,11.77348804473877
680,11.256624221801758
681,12.414152145385742
682,11.667948722839355
683,11.156167030334473
684,11.39769458770752
685,11.185932159423828
686,11.607637405395508
687,10.833012580871582
688,11.14399242401123
689,12.086706161499023
690,11.775014877319336
691,11.722580909729004
692,11.440046310424805
693,11.168204307556152
694,11.408628463745117
695,11.505824089050293
696,10.889641761779785
697,10.749526023864746
698,12.363959312438965
699,11.57444953918457
700,11.2343111038208
701,11.237674713134766
702,12.090191841125488
703,11.13509464263916
704,10.689674377441406
705,11.542011260986328
706,10.981230735778809
707,11.621017456054688
708,11.09144115447998
709,11.66156005859375
710,11.23194408416748
711,11.295147895812988
712,11.291746139526367
713,10.820382118225098
714,12.693538665771484
715,11.568184852600098
716,12.077923774719238
717,10.408807754516602
718,11.806112289428711
719,10.67480754852295
720,11.973084449768066
721,11.244378089904785
722,11.233418464660645
723,11.437255859375
724,10.17284870147705
725,12.13739013671875
726,9.934986114501953
727,11.208788871765137
728,11.502995491027832
729,12.070743560791016
730,11.731462478637695
731,10.95561695098877
732,12.658042907714844
733,11.752663612365723
734,11.215350151062012
735,11.977263450622559
736,11.7337646484375
737,13.193856239318848
738,11.23373794555664
739,11.818325996398926
740,11.100533485412598
741,11.34430980682373
742,11.352925300598145
743,12.381302833557129
744,11.337496757507324
745,10.778555870056152
746,11.4747896194458
747,11.062918663024902
748,11.500070571899414
749,11.35351848602295
750,11.421377182006836
751,11.17149829864502
752,12.3215913772583
753,12.172450065612793
754,11.872076034545898
755,12.154322624206543
756,11.503479957580566
757,11.167966842651367
758,11.128242492675781
759,11.060014724731445
760,10.542939186096191
761,11.360743522644043
762,11.955763816833496
763,11.572246551513672
764,10.878998756408691
765,9.977420806884766
766,11.388994216918945
767,11.993606567382812
768,11.272851943969727
769,11.260927200317383
770,11.572997093200684
771,11.482952117919922
772,11.831816673278809
773,11.856493949890137
774,10.799224853515625
775,10.606378555297852
776,12.134925842285156
777,11.396293640136719
778,10.076552391052246
779,11.385825157165527
780,11.802560806274414
781,12.695944786071777
782,11.16940975189209
783,12.211041450500488
784,11.536717414855957
785,10.735200881958008
786,11.628034591674805
787,12.45814323425293
788,10.929452896118164
789,11.016966819763184
790,10.756072044372559
791,11.195728302001953
792,12.751663208007812
793,11.506108283996582
794,11.204222679138184
795,11.937702178955078
796,11.524270057678223
797,11.232197761535645
798,12.03971004486084
799,10.231965065002441
800,12.101414680480957
801,11.365365982055664
802,11.079204559326172
803,11.589374542236328
804,11.373204231262207
805,11.08886432647705
806,10.855993270874023
807,12.274491310119629
808,12.02758502960205
809,11.662761688232422
810,11.259747505187988
811,11.865789413452148
812,10.91972541809082
813,10.84682846069336
814,12.33638858795166
815,10.35011100769043
816,10.59311294555664
817,12.8689603805542
818,12.512212753295898
819,11.550086975097656
820,11.20176887512207
821,11.169179916381836
822,10.67080307006836
823,11.957730293273926
824,11.468664169311523
825,11.870704650878906
826,11.962553024291992
827,12.027289390563965
828,12.098311424255371
829,11.274717330932617
830,10.86812686920166
831,12.203913688659668
832,11.574136734008789
833,11.556440353393555
834,12.926436424255371
835,11.7926025390625
836,12.357203483581543
837,11.608863830566406
838,11.75425910949707
839,11.65981388092041
840,11.532344818115234
841,11.87403392791748
842,10.940476417541504
843,11.69699764251709
844,11.694188117980957
845,11.104631423950195
846,10.689798355102539
847,12.033313751220703
848,11.732545852661133
849,9.638458251953125
850,11.23131275177002
851,10.87790584564209
852,11.119414329528809
853,12.039809226989746
854,11.400842666625977
855,12.191309928894043
856,9.807655334472656
857,10.844320297241211
858,12.121206283569336
859,11.248149871826172
860,12.52284049987793
861,10.104084968566895
862,11.944066047668457
863,10.903631210327148
864,12.410591125488281
865,11.463306427001953
866,11.081598281860352
867,10.19428539276123
868,11.888772964477539
869,12.064387321472168
870,11.696751594543457
871,12.532402992248535
872,10.88601303100586
873,12.049381256103516
874,10.694262504577637
875,11.777377128601074
876,11.822257995605469
877,11.752799987792969
878,10.45442008972168
879,11.3277587890625
880,10.951478004455566
881,11.496456146240234
882,11.530309677124023
883,12.170605659484863
884,11.133325576782227
885,12.04247760772705
886,11.263591766357422
887,11.790294647216797
888,11.980036735534668
889,10.905797004699707
890,12.153197288513184
891,10.82843017578125
892,11.26810073852539
893,11.281052589416504
894,11.491146087646484
895,10.39780330657959
896,11.22822093963623
897,10.778345108032227
898,11.874378204345703
899,11.448915481567383
900,11.863720893859863
901,11.061104774475098
902,10.629796981811523
903,10.386512756347656
904,11.437047004699707
905,11.54069709777832
906,11.218048095703125
907,11.7952299118042
908,10.585592269897461
909,11.084517478942871
910,11.146770477294922
911,11.78182315826416
912,11.512384414672852
913,10.759190559387207
914,10.281156539916992
915,11.190802574157715
916,10.68795394897461
917,11.708589553833008
918,11.336498260498047
919,11.8627347946167
920,11.987336158752441
921,11.778252601623535
922,10.473432540893555
923,11.298148155212402
924,12.776697158813477
925,11.98406982421875
926,10.626659393310547
927,11.275450706481934
928,11.530280113220215
929,11.5230712890625
930,11.20545768737793
931,11.335269927978516
932,11.086052894592285
933,11.917611122131348
934,12.268959045410156
935,11.510272979736328
936,10.993817329406738
937,11.655428886413574
938,11.57503890991211
939,11.675368309020996
940,11.271286010742188
941,11.88218879699707
942,11.233386993408203
943,11.178487777709961
944,11.162415504455566
945,11.110858917236328
946,12.4405517578125
947,10.849268913269043
948,10.621545791625977
949,11.560232162475586
950,11.608454704284668
951,13.002191543579102
952,11.12077522277832
953,12.193864822387695
954,11.840950965881348
955,11.070241928100586
956,11.583107948303223
957,11.529282569885254
958,12.376702308654785
959,11.061894416809082
960,12.383596420288086
961,11.06961727142334
962,11.484478950500488
963,10.73079776763916
964,12.083126068115234
965,10.756547927856445
966,11.660717010498047
967,10.857234954833984
968,11.524310111999512
969,12.04348373413086
970,12.481986045837402
971,11.238309860229492
972,10.696747779846191
973,11.64072322845459
974,11.226024627685547
975,11.590768814086914
976,11.952553749084473
977,11.671102523803711
978,11.07049560546875
979,11.332194328308105
980,11.447972297668457
981,11.282377243041992
982,12.25769329071045
983,11.115665435791016
984,12.553755760192871
985,10.985462188720703
986,11.517679214477539
987,13.00648021697998
988,11.508710861206055
989,9.8037109375
990,11.907614707946777
991,11.542558670043945
992,11.315531730651855
993,10.85079574584961
994,10.702923774719238
995,11.575583457946777
996,11.424386024475098
997,10.593871116638184
998,10.107827186584473
999,12.530475616455078
1000,11.85519027709961
1001,11.124879837036133
1002,11.390570640563965
1003,12.216572761535645
1004,11.558736801147461
1005,10.585892677307129
1006,11.356847763061523
1007,11.504956245422363
1008,11.487504959106445
1009,12.042203903198242
1010,10.566357612609863
1011,11.798060417175293
1012,10.976978302001953
1013,11.480034828186035
1014,11.628600120544434
1015,11.1989107131958
1016,10.63625717163086
1017,10.645120620727539
1018,10.691044807434082
1019,12.019793510437012
1020,10.583406448364258
1021,12.311796188354492
1022,10.970808982849121
1023,11.762574195861816
1024,11.496874809265137
1025,11.600401878356934
1026,10.886934280395508
1027,11.335949897766113
1028,12.060477256774902
1029,11.543179512023926
1030,11.834770202636719
1031,12.085978507995605
1032,11.689067840576172
1033,10.798177719116211
1034,11.413302421569824
1035,11.870879173278809
1036,10.982939720153809
1037,11.449708938598633
1038,11.33645248413086
1039,11.938423156738281
1040,10.876384735107422
1041,11.80368709564209
1042,11.330842018127441
1043,11.336301803588867
1044,12.264760971069336
1045,11.28873062133789
1046,12.469477653503418
1047,11.83330249786377
1048,11.266752243041992
1049,10.992204666137695
1050,12.876157760620117
1051,11.692726135253906
1052,11.582427024841309
1053,10.80228042602539
1054,10.315086364746094
1055,11.573808670043945
1056,12.434932708740234
1057,10.233735084533691
1058,10.834547996520996
1059,11.99531364440918
1060,11.841976165771484
1061,11.713119506835938
1062,11.367061614990234
1063,11.420563697814941
1064,11.556138038635254
1065,11.300248146057129
1066,11.428855895996094
1067,10.840910911560059
1068,11.642383575439453
1069,10.969727516174316
1070,11.130376815795898
1071,11.26518440246582
1072,11.53642463684082
1073,10.669201850891113
1074,11.262216567993164
1075,11.784811019897461
1076,11.041872024536133
1077,11.326071739196777
1078,12.402094841003418
1079,11.415552139282227
1080,11.607473373413086
1081,10.835622787475586
1082,11.247845649719238
1083,11.280488014221191
1084,12.150286674499512
1085,10.857453346252441
1086,11.709274291992188
1087,10.389015197753906
1088,11.664629936218262
1089,11.545797348022461
1090,11.431962966918945
1091,11.852216720581055
1092,11.374731063842773
1093,10.550702095031738
1094,11.40304183959961
1095,11.150655746459961
1096,11.697799682617188
1097,11.648077964782715
1098,11.671622276306152
1099,11.629414558410645
1100,11.816640853881836
1101,11.743244171142578
1102,11.726534843444824
1103,11.64998722076416
1104,11.609379768371582
1105,12.161334991455078
1106,11.980363845825195
1107,11.13594913482666
1108,11.47558307647705
1109,11.641121864318848
1110,11.940741539001465
1111,11.951086044311523
1112,11.400649070739746
1113,12.02413272857666
1114,12.600918769836426
1115,11.81833267211914
1116,11.455622673034668
1117,11.520160675048828
1118,11.492223739624023
1119,11.066383361816406
1120,12.334883689880371
1121,11.051159858703613
1122,11.688775062561035
1123,11.72959041595459
1124,11.131325721740723
1125,12.25997257232666
1126,10.920804023742676
1127,11.265539169311523
1128,11.212109565734863
1129,11.228196144104004
1130,11.678281784057617
1131,12.066705703735352
1132,11.78985595703125
1133,12.401212692260742
1134,11.389534950256348
1135,11.158295631408691
1136,11.829486846923828
1137,11.644847869873047
1138,11.440766334533691
1139,11.85718822479248
1140,11.636612892150879
1141,11.681836128234863
1142,12.188445091247559
1143,10.664583206176758
1144,11.25635814666748
1145,11.348264694213867
1146,11.413463592529297
1147,10.59746265411377
1148,12.2854642868042
1149,10.934975624084473
1150,11.739324569702148
1151,11.479252815246582
1152,11.51606559753418
1153,11.909034729003906
1154,10.904775619506836
1155,11.851302146911621
1156,11.245528221130371
1157,11.24817943572998
1158,10.825390815734863
1159,10.909713745117188
1160,11.734540939331055
1161,11.015480995178223
1162,11.761321067810059
1163,11.568032264709473
1164,12.10223388671875
1165,11.649606704711914
1166,11.836382865905762
1167,11.448713302612305
1168,11.46561050415039
1169,11.701193809509277
1170,11.63604736328125
1171,11.35888671875
1172,10.26291561126709
1173,11.596263885498047
1174,11.934894561767578
1175,11.0366792678833
1176,11.722183227539062
1177,11.865407943725586
1178,11.209710121154785
1179,11.221515655517578
1180,11.409043312072754
1181,10.062750816345215
1182,11.370353698730469
1183,10.438480377197266
1184,11.22024154663086
1185,10.147247314453125
1186,10.658868789672852
1187,11.988614082336426
1188,10.320842742919922
1189,11.440681457519531
1190,10.143214225769043
1191,11.411866188049316
1192,10.779745101928711
1193,11.490921974182129
1194,10.778066635131836
1195,10.528681755065918
1196,11.02200984954834
1197,10.997873306274414
1198,10.650176048278809
1199,11.010741233825684
1200,11.418886184692383
1201,12.071488380432129
1202,12.063878059387207
1203,11.20230770111084
1204,11.117080688476562
1205,10.656339645385742
1206,11.736367225646973
1207,11.477380752563477
1208,11.519502639770508
1209,10.379453659057617
1210,10.836620330810547
1211,11.61573600769043
1212,11.565899848937988
1213,11.970658302307129
1214,11.488932609558105
1215,12.07629108428955
1216,11.051614761352539
1217,12.780566215515137
1218,11.128451347351074
1219,11.603249549865723
1220,12.016971588134766
1221,11.915082931518555
1222,11.841070175170898
1223,10.831160545349121
1224,11.17038631439209
1225,10.206567764282227
1226,11.474703788757324
1227,11.614768981933594
1228,11.058632850646973
1229,12.552867889404297
1230,11.338340759277344
1231,11.547500610351562
1232,10.897306442260742
1233,12.06480884552002
1234,11.412232398986816
1235,11.349071502685547
1236,10.586734771728516
1237,10.735349655151367
1238,11.574257850646973
1239,11.183137893676758
1240,11.703862190246582
1241,11.388368606567383
1242,11.645414352416992
1243,10.96349811553955
1244,10.150951385498047
1245,12.404220581054688
1246,11.761711120605469
1247,11.224143981933594
1248,10.327608108520508
1249,11.288363456726074
1250,10.895064353942871
1251,10.715547561645508
1252,11.978815078735352
1253,11.348471641540527
1254,11.511555671691895
1255,11.881857872009277
1256,11.797235488891602
1257,11.80092716217041
1258,10.847501754760742
1259,12.022805213928223
1260,11.651643753051758
1261,12.123037338256836
1262,10.842997550964355
1263,11.5121431350708
1264,11.371971130371094
1265,11.355847358703613
1266,12.387887954711914
1267,10.572012901306152
1268,11.840862274169922
1269,10.708598136901855
1270,10.767321586608887
1271,11.047822952270508
1272,11.89804458618164
1273,11.213275909423828
1274,11.104879379272461
1275,11.898902893066406
1276,11.1973295211792
1277,11.663643836975098
1278,11.164484024047852
1279,10.914143562316895
1280,10.754961967468262
1281,11.789939880371094
1282,11.40176773071289
1283,13.031346321105957
1284,11.036050796508789
1285,11.712406158447266
1286,10.621068954467773
1287,10.856685638427734
1288,12.13347339630127
1289,12.3308744430542
1290,11.022330284118652
1291,11.275579452514648
1292,10.93471622467041
1293,11.673672676086426
1294,11.602861404418945
1295,10.782048225402832
1296,11.352790832519531
1297,11.52757453918457
1298,12.150813102722168
1299,12.488226890563965
1300,11.652388572692871
1301,11.866802215576172
1302,11.48185920715332
1303,11.484646797180176
1304,12.214743614196777
1305,12.547412872314453
1306,12.466167449951172
1307,11.218375205993652
1308,11.130209922790527
1309,10.967931747436523
1310,11.457822799682617
1311,11.296011924743652
1312,11.678393363952637
1313,12.3087739944458
1314,11.215886116027832
1315,11.425522804260254
1316,11.137033462524414
1317,12.087010383605957
1318,12.901622772216797
1319,10.99716567993164
1320,11.242471694946289
1321,11.81655216217041
1322,11.006290435791016
1323,11.517257690429688
1324,10.72046947479248
1325,11.323110580444336
1326,11.865938186645508
1327,11.387030601501465
1328,11.365321159362793
1329,11.221853256225586
1330,11.231719017028809
1331,11.613268852233887
1332,10.73394775390625
1333,11.626005172729492
1334,11.551957130432129
1335,11.40599250793457
1336,11.039067268371582
1337,12.763766288757324
1338,11.746716499328613
1339,11.915382385253906
1340,11.400504112243652
1341,11.102582931518555
1342,12.03154182434082
1343,11.708313941955566
1344,11.59951400756836
1345,11.195341110229492
1346,11.259544372558594
1347,11.432265281677246
1348,10.974344253540039
1349,11.313331604003906
1350,10.71054458618164
1351,11.288152694702148
1352,11.285394668579102
1353,11.629544258117676
1354,11.750079154968262
1355,12.1338472366333
1356,11.146435737609863
1357,11.536510467529297
1358,12.071475982666016
1359,10.77879524230957
1360,11.926371574401855
1361,11.606546401977539
1362,11.68547248840332
1363,11.578520774841309
1364,11.587913513183594
1365,11.002849578857422
1366,11.44821834564209
1367,11.509512901306152
1368,10.57380199432373
1369,12.561775207519531
1370,10.95489501953125
1371,12.160021781921387
1372,10.720803260803223
1373,11.221578598022461
1374,11.056385040283203
1375,11.515748023986816
1376,11.75607681274414
1377,11.30592155456543
1378,11.375678062438965
1379,11.78614330291748
1380,10.645979881286621
1381,11.495988845825195
1382,11.852972030639648
1383,10.97219467163086
1384,11.043280601501465
1385,10.956600189208984
1386,12.49881362915039
1387,12.279783248901367
1388,11.602102279663086
1389,11.73720645904541
1390,11.568717002868652
1391,10.869054794311523
1392,11.663298606872559
1393,12.260649681091309
1394,11.413636207580566
1395,10.800649642944336
1396,10.970860481262207
1397,11.496142387390137
1398,11.645648956298828
1399,10.87535285949707
1400,10.739596366882324
1401,11.2821683883667
1402,11.061568260192871
1403,11.031576156616211
1404,10.57637882232666
1405,11.25723648071289
1406,10.786136627197266
1407,12.14184856414795
1408,10.489509582519531
1409,11.41412353515625
1410,10.333889961242676
1411,11.45212173461914
1412,12.21446704864502
1413,11.498007774353027
1414,11.195879936218262
1415,11.167020797729492
1416,11.651405334472656
1417,10.716280937194824
1418,11.814509391784668
1419,11.3658447265625
1420,10.650023460388184
1421,12.365073204040527
1422,12.341704368591309
1423,11.487043380737305
1424,11.581376075744629
1425,12.360898971557617
1426,11.411344528198242
1427,11.858656883239746
1428,11.473684310913086
1429,10.867311477661133
1430,11.867602348327637
1431,11.145894050598145
1432,11.093571662902832
1433,11.638532638549805
1434,11.190150260925293
1435,11.557748794555664
1436,11.016575813293457
1437,11.914005279541016
1438,11.1231107711792
1439,11.1863374710083
1440,11.648509979248047
1441,11.003835678100586
1442,11.987921714782715
1443,12.673381805419922
1444,11.834271430969238
1445,11.482487678527832
1446,11.44123363494873
1447,11.580731391906738
1448,10.723434448242188
1449,11.477800369262695
1450,11.441924095153809
1451,11.186835289001465
1452,11.910932540893555
1453,10.953617095947266
1454,11.1187105178833
1455,11.350625038146973
1456,11.144709587097168
1457,11.179267883300781
1458,11.443367958068848
1459,11.437460899353027
1460,11.610167503356934
1461,11.552494049072266
1462,11.633416175842285
1463,11.71419906616211
1464,11.321776390075684
1465,10.923948287963867
1466,10.921610832214355
1467,11.300524711608887
1468,12.758575439453125
1469,11.719603538513184
1470,11.910387992858887
1471,10.922568321228027
1472,12.07568645477295
1473,11.801380157470703
1474,10.187450408935547
1475,10.717601776123047
1476,11.427560806274414
1477,11.739890098571777
1478,11.251416206359863
1479,11.741130828857422
1480,10.55040454864502
1481,10.722753524780273
1482,11.589253425598145
1483,12.80595588684082
1484,10.984783172607422
1485,11.877825736999512
1486,11.265353202819824
1487,11.141500473022461
1488,11.142843246459961
1489,11.326315879821777
1490,12.512208938598633
1491,11.818831443786621
1492,11.796051025390625
1493,11.385590553283691
1494,11.87946891784668
1495,11.558547973632812
1496,11.138401985168457
1497,10.89804458618164
1498,10.808930397033691
1499,10.6726655960083
1500,11.844329833984375
1501,10.852659225463867
1502,11.249225616455078
1503,11.871742248535156
1504,11.875127792358398
1505,10.911895751953125
1506,11.662315368652344
1507,10.899908065795898
1508,11.74918270111084
1509,11.06831169128418
1510,10.999311447143555
1511,11.49215030670166
1512,11.122917175292969
1513,12.157368659973145
1514,12.642692565917969
1515,11.36873722076416
1516,11.949652671813965
1517,11.963818550109863
1518,12.205183029174805
1519,11.349042892456055
1520,11.123339653015137
1521,11.465374946594238
1522,11.686481475830078
1523,10.772002220153809
1524,11.927740097045898
1525,11.062809944152832
1526,10.701841354370117
1527,11.321805000305176
1528,12.123279571533203
1529,10.995342254638672
1530,11.9524507522583
1531,11.350367546081543
1532,10.758893966674805
1533,10.641454696655273
1534,10.890560150146484
1535,11.472179412841797
1536,10.29177474975586
1537,11.657995223999023
1538,11.085103034973145
1539,11.110044479370117
1540,11.147221565246582
1541,11.089868545532227
1542,11.313149452209473
1543,11.909067153930664
1544,11.211894035339355
1545,11.772256851196289
1546,10.937300682067871
1547,11.703768730163574
1548,11.270848274230957
1549,12.354848861694336
1550,10.88749885559082
1551,10.8790864944458
1552,11.495441436767578
1553,11.263205528259277
1554,11.415141105651855
1555,10.704828262329102
1556,11.297266006469727
1557,11.378499984741211
1558,11.803594589233398
1559,10.684600830078125
1560,10.929609298706055
1561,11.107069969177246
1562,11.58920669555664
1563,11.001729011535645
1564,11.08891773223877
1565,11.669198036193848
1566,11.578493118286133
1567,11.060998916625977
1568,11.040236473083496
1569,11.95688247680664
1570,10.987546920776367
1571,11.343194007873535
1572,11.637560844421387
1573,10.877481460571289
1574,12.122931480407715
1575,11.834973335266113
1576,11.95907974243164
1577,11.383186340332031
1578,10.830337524414062
1579,11.297926902770996
1580,11.738621711730957
1581,11.942764282226562
1582,11.169918060302734
1583,11.633420944213867
1584,10.969473838806152
1585,10.613432884216309
1586,11.266717910766602
1587,10.303851127624512
1588,11.41019058227539
1589,11.407310485839844
1590,11.60516357421875
1591,12.084096908569336
1592,11.591266632080078
1593,11.836228370666504
1594,11.838129997253418
1595,11.586455345153809
1596,11.696897506713867
1597,11.462820053100586
1598,11.032014846801758
1599,11.355925559997559
1600,11.444343566894531
1601,11.553568840026855
1602,11.1629056930542
1603,11.63306713104248
1604,10.578841209411621
1605,11.201329231262207
1606,11.729730606079102
1607,11.915040969848633
1608,10.839061737060547
1609,11.231554985046387
1610,11.674180030822754
1611,11.22107219696045
1612,11.429278373718262
1613,11.514087677001953
1614,11.483382225036621
1615,11.749781608581543
1616,11.212129592895508
1617,10.8662691116333
1618,10.839102745056152
1619,11.165340423583984
1620,11.182823181152344
1621,11.347431182861328
1622,11.393756866455078
1623,12.4636869430542
1624,12.067440032958984
1625,12.029090881347656
1626,11.015007972717285
1627,10.799620628356934
1628,12.314122200012207
1629,11.3540678024292
1630,11.830836296081543
1631,10.808189392089844
1632,11.270100593566895
1633,11.827522277832031
1634,10.818991661071777
1635,12.275474548339844
1636,10.441937446594238
1637,11.249608039855957
1638,10.857852935791016
1639,10.9820556640625
1640,12.070980072021484
1641,11.75346851348877
1642,10.952291488647461
1643,11.24130916595459
1644,10.268828392028809
1645,11.008015632629395
1646,11.105735778808594
1647,11.158262252807617
1648,11.259730339050293
1649,10.844246864318848
1650,11.411782264709473
1651,10.89889907836914
1652,12.120542526245117
1653,12.62578010559082
1654,12.016239166259766
1655,11.657485008239746
1656,10.93541431427002
1657,10.841171264648438
1658,11.988344192504883
1659,11.311845779418945
1660,11.357868194580078
1661,10.638797760009766
1662,11.626753807067871
1663,11.081884384155273
1664,12.042126655578613
1665,11.671915054321289
1666,12.211472511291504
1667,10.77348804473877
1668,11.706952095031738
1669,10.921098709106445
1670,11.02079963684082
1671,10.51198673248291
1672,10.036905288696289
1673,10.950100898742676
1674,11.412110328674316
1675,10.870092391967773
1676,11.055991172790527
1677,11.462702751159668
1678,12.739335060119629
1679,11.996114730834961
1680,11.772733688354492
1681,11.326568603515625
1682,11.442875862121582
1683,11.26716136932373
1684,12.260781288146973
1685,11.911127090454102
1686,11.537284851074219
1687,11.03348445892334
1688,11.693304061889648
1689,12.463787078857422
1690,11.47336483001709
1691,10.992063522338867
1692,11.396930694580078
1693,11.108255386352539
1694,11.364684104919434
1695,11.719388008117676
1696,11.363402366638184
1697,11.21707820892334
1698,11.430034637451172
1699,10.94681453704834
1700,11.569583892822266
1701,12.759207725524902
1702,10.548467636108398
1703,10.976552963256836
1704,11.248641967773438
1705,11.5996675491333
1706,11.235422134399414
1707,11.905013084411621
1708,12.063122749328613
1709,11.719242095947266
1710,11.73971176147461
1711,11.107549667358398
1712,11.391139030456543
1713,11.762371063232422
1714,11.18404769897461
1715,11.893533706665039
1716,10.404813766479492
1717,11.561171531677246
1718,11.325642585754395
1719,11.117121696472168
1720,11.214797973632812
1721,11.75610065460205
1722,11.193120956420898
1723,10.441948890686035
1724,11.480816841125488
1725,11.359838485717773
1726,11.500612258911133
1727,11.457759857177734
1728,11.096301078796387
1729,11.137404441833496
1730,11.604218482971191
1731,11.876751899719238
1732,11.786571502685547
1733,11.662596702575684
1734,12.009614944458008
1735,11.74592399597168
1736,10.784880638122559
1737,11.506832122802734
1738,12.392993927001953
1739,11.230249404907227
1740,11.005146026611328
1741,11.698114395141602
1742,11.157418251037598
1743,11.800944328308105
1744,12.048083305358887
1745,10.917576789855957
1746,11.801529884338379
1747,11.669330596923828
1748,11.183201789855957
1749,10.72839641571045
1750,11.104732513427734
1751,10.662812232971191
1752,11.27999210357666
1753,11.934274673461914
1754,11.4061918258667
1755,12.021400451660156
1756,11.440863609313965
1757,11.440436363220215
1758,11.34444522857666
1759,11.947148323059082
1760,10.987728118896484
1761,11.256577491760254
1762,11.663724899291992
1763,12.012392044067383
1764,10.647014617919922
1765,11.445093154907227
1766,11.706820487976074
1767,11.160335540771484
1768,10.470719337463379
1769,11.104602813720703
1770,12.495285034179688
1771,11.293170928955078
1772,11.926429748535156
1773,12.071371078491211
1774,11.328912734985352
1775,11.645223617553711
1776,11.933060646057129
1777,10.955879211425781
1778,11.932194709777832
1779,11.651884078979492
1780,11.684980392456055
1781,11.343975067138672
1782,11.699002265930176
1783,10.962220191955566
1784,11.863308906555176
1785,11.051881790161133
1786,11.492600440979004
1787,11.001687049865723
1788,12.054187774658203
1789,11.684420585632324
1790,11.31709098815918
1791,11.154900550842285
1792,11.844473838806152
1793,12.66454029083252
1794,11.40750789642334
1795,11.85411262512207
1796,11.378044128417969
1797,10.665005683898926
1798,11.780314445495605
1799,12.066038131713867
1800,11.707216262817383
1801,11.72925853729248
1802,11.342989921569824
1803,11.988754272460938
1804,11.684842109680176
1805,11.15299129486084
1806,11.19025707244873
1807,11.485057830810547
1808,11.399389266967773
1809,11.62439250946045
1810,11.046479225158691
1811,11.60381031036377
1812,11.582501411437988
1813,11.4932222366333
1814,11.025291442871094
1815,11.125946998596191
1816,11.685056686401367
1817,11.470183372497559
1818,11.52384090423584
1819,10.926459312438965
1820,11.711488723754883
1821,11.500046730041504
1822,11.466307640075684
1823,11.489448547363281
1824,12.310193061828613
1825,11.275843620300293
1826,11.027417182922363
1827,11.095643043518066
1828,10.451373100280762
1829,11.321304321289062
1830,11.110848426818848
1831,12.108650207519531
1832,12.413723945617676
1833,10.260746955871582
1834,11.654903411865234
1835,11.63346004486084
1836,11.90656852722168
1837,11.905866622924805
1838,11.572036743164062
1839,11.875048637390137
1840,11.906706809997559
1841,10.880485534667969
1842,11.940295219421387
1843,11.391627311706543
1844,11.442505836486816
1845,11.738178253173828
1846,11.629483222961426
1847,11.867775917053223
1848,10.311199188232422
1849,11.48495101928711
1850,11.295829772949219
1851,11.162321090698242
1852,11.829941749572754
1853,9.970123291015625
1854,12.319228172302246
1855,10.909981727600098
1856,11.405420303344727
1857,11.130481719970703
1858,10.859298706054688
1859,11.284701347351074
1860,11.47193431854248
1861,10.848823547363281
1862,11.008994102478027
1863,11.741687774658203
1864,10.744544982910156
1865,10.553176879882812
1866,12.030498504638672
1867,11.100852966308594
1868,11.782186508178711
1869,10.085297584533691
1870,10.82520580291748
1871,11.243843078613281
1872,12.392019271850586
1873,11.085921287536621
1874,11.186980247497559
1875,11.795989036560059
1876,11.224658966064453
1877,11.536907196044922
1878,11.762911796569824
1879,11.671957969665527
1880,11.731544494628906
1881,11.245872497558594
1882,11.22234058380127
1883,11.453123092651367
1884,11.295619010925293
1885,10.86390209197998
1886,11.587320327758789
1887,10.300469398498535
1888,11.875418663024902
1889,11.009330749511719
1890,12.495380401611328
1891,11.134346008300781
1892,11.446601867675781
1893,11.314382553100586
1894,10.938855171203613
1895,11.337247848510742
1896,11.35637378692627
1897,11.285820960998535
1898,11.310601234436035
1899,11.29733943939209
1900,11.497278213500977
1901,10.935525894165039
1902,11.708528518676758
1903,11.597888946533203
1904,10.95495891571045
1905,10.732163429260254
1906,11.5389404296875
1907,11.597498893737793
1908,11.758219718933105
1909,11.109827995300293
1910,11.443527221679688
1911,9.116275787353516
1912,11.184162139892578
1913,11.551907539367676
1914,11.547673225402832
1915,11.766139030456543
1916,10.6068696975708
1917,11.942113876342773
1918,12.31294059753418
1919,11.556282043457031
1920,11.21010971069336
1921,10.396883964538574
1922,11.609930038452148
1923,11.545817375183105
1924,10.805277824401855
1925,12.266792297363281
1926,11.66864013671875
1927,11.780590057373047
1928,11.587506294250488
1929,11.84195327758789
1930,10.556077003479004
1931,12.02003002166748
1932,9.932119369506836
1933,11.753783226013184
1934,11.43115234375
1935,11.460620880126953
1936,12.01029109954834
1937,12.037779808044434
1938,11.278919219970703
1939,11.535938262939453
1940,11.266273498535156
1941,11.352910041809082
1942,12.50619888305664
1943,10.786105155944824
1944,11.08968448638916
1945,10.820155143737793
1946,11.72635269165039
1947,12.417112350463867
1948,10.867328643798828
1949,11.636152267456055
1950,11.326569557189941
1951,11.522353172302246
1952,11.759215354919434
1953,11.831205368041992
1954,11.657430648803711
1955,11.074723243713379
1956,11.814106941223145
1957,12.01182746887207
1958,11.710740089416504
1959,10.331914901733398
1960,10.894002914428711
1961,12.043787956237793
1962,10.562434196472168
1963,10.524827003479004
1964,10.991670608520508
1965,11.387370109558105
1966,12.047879219055176
1967,11.664289474487305
1968,11.439078330993652
1969,11.813750267028809
1970,11.645562171936035
1971,11.528160095214844
1972,11.58502197265625
1973,11.33022689819336
1974,10.944400787353516
1975,11.488758087158203
1976,11.906126976013184
1977,11.488706588745117
1978,12.03636360168457
1979,10.949357032775879
1980,10.569819450378418
1981,11.283462524414062
1982,12.445405960083008
1983,12.150453567504883
1984,11.072976112365723
1985,11.161675453186035
1986,11.646875381469727
1987,11.357781410217285
1988,11.368167877197266
1989,10.85860824584961
1990,10.819470405578613
1991,12.917065620422363
1992,12.013694763183594
1993,10.725616455078125
1994,10.402395248413086
1995,10.609528541564941
1996,11.923855781555176
1997,11.533870697021484
1998,10.981475830078125
1999,12.333222389221191
2000,11.407744407653809
